require "synthesis"

function saved_syn ()
   -- Create new synthesis object
   local s = syn.new( 5 )

   local ko1 = kin_object.new( "chain" )
   -- Joint 0
   local j = kin_joint.new( "revolute" )
   j:setPositions( { -8.227236155476710250e-03, 6.179411042672569465e+00, 3.068711467375482421e-02, -1.687063292963825178e-02  } )
   j:setPositionBounds( { 0.000000000000000000e+00, 0.000000000000000000e+00, 0.000000000000000000e+00, 0.000000000000000000e+00  },
                        { 6.283185307179586232e+00, 6.283185307179586232e+00, 6.283185307179586232e+00, 6.283185307179586232e+00  } )
   j:setPlucker( { -7.186089768113865794e-01, 1.645186959609110933e-01, -6.756735433072790231e-01 }, { -3.148261261938014033e-01, -1.517274670372533718e+00, -3.460720047159862589e-02 } )
   j:setPluckerBounds( { -1.000000000000000000e+00, -1.000000000000000000e+00, -1.000000000000000000e+00 }, { 1.000000000000000000e+00, 1.000000000000000000e+00, 1.000000000000000000e+00 },
                       { -8.490568481579526150e+00, -1.049055215279890518e+01, -1.255099905444878594e+01 }, { 1.150943151842047385e+01, 9.509447847201094817e+00, 7.449000945551214059e+00 } )
   ko1:attach( j )
   -- Joint 1
   local j = kin_joint.new( "revolute" )
   j:setPositions( { 5.604750758622715878e+00, 5.312677814991546121e+00, 4.751621285689091145e+00, 4.382896856958904408e+00  } )
   j:setPositionBounds( { 0.000000000000000000e+00, 0.000000000000000000e+00, 0.000000000000000000e+00, 0.000000000000000000e+00  },
                        { 6.283185307179586232e+00, 6.283185307179586232e+00, 6.283185307179586232e+00, 6.283185307179586232e+00  } )
   j:setPlucker( { -1.612646672073711762e-01, -5.248309567592434055e-01, 8.357907476980546146e-01 }, { -7.227546921901596422e-01, 1.575837194766268878e-01, -4.050054483044209647e-02 } )
   j:setPluckerBounds( { -1.000000000000000000e+00, -1.000000000000000000e+00, -1.000000000000000000e+00 }, { 1.000000000000000000e+00, 1.000000000000000000e+00, 1.000000000000000000e+00 },
                       { -8.991202011170834396e+00, -1.381123315534200557e+01, -7.221765376591331886e+00 }, { 1.100879798882916560e+01, 6.188766844657994426e+00, 1.277823462340866811e+01 } )
   ko1:attach( j )
   local ko2 = kin_object.new( "splitter" )
   local sp1 = kin_object.new( "chain" )
   -- Joint 0
   local j = kin_joint.new( "revolute" )
   j:setPositions( { 5.866386957741810626e+00, -3.960008219756128156e-02, -3.118268742153862405e-01, 2.932175796581879545e-01  } )
   j:setPositionBounds( { 0.000000000000000000e+00, 0.000000000000000000e+00, 0.000000000000000000e+00, 0.000000000000000000e+00  },
                        { 6.283185307179586232e+00, 6.283185307179586232e+00, 6.283185307179586232e+00, 6.283185307179586232e+00  } )
   j:setPlucker( { -6.195381653739866906e-02, 8.860082214275155632e-01, 4.595118672888666711e-01 }, { -1.283362439181617298e-01, 3.201952078105089194e-01, -6.346876489030200963e-01 } )
   j:setPluckerBounds( { -1.000000000000000000e+00, -1.000000000000000000e+00, -1.000000000000000000e+00 }, { 1.000000000000000000e+00, 1.000000000000000000e+00, 1.000000000000000000e+00 },
                       { -8.939080965421908331e+00, -1.116196011023705026e+01, -1.032336390022793893e+01 }, { 1.106091903457809167e+01, 8.838039889762949741e+00, 9.676636099772061073e+00 } )
   sp1:attach( j )
   local sp2 = kin_object.new( "tcp" )
   sp2:setFK( {
       -- Frame 0
       { { 1.000000000000000000e+00, 0.000000000000000000e+00, 0.000000000000000000e+00, -5.909999999999999698e-01 },
         { 0.000000000000000000e+00, 1.000000000000000000e+00, 0.000000000000000000e+00, -7.109999999999999654e-01 },
         { 0.000000000000000000e+00, 0.000000000000000000e+00, 1.000000000000000000e+00, -1.700000000000000122e-01 },
         { 0.000000000000000000e+00, 0.000000000000000000e+00, 0.000000000000000000e+00, 1.000000000000000000e+00 } },
       -- Frame 1
       { { 7.243598314656223280e-01, 6.894221018788040389e-01, 3.279663556893180106e-07, -4.871507276156342714e-01 },
         { -6.894221018783712740e-01, 7.243598314655828041e-01, -8.726068099209962299e-07, -4.919145573074565903e-01 },
         { -8.391600751429868499e-07, 4.059740674854079644e-07, 9.999999999995656808e-01, 1.422750705799308638e-02 },
         { 0.000000000000000000e+00, 0.000000000000000000e+00, 0.000000000000000000e+00, 1.000000000000000000e+00 } },
       -- Frame 2
       { { 6.285190223977887847e-01, 6.894267539580708481e-01, 3.600758106440439255e-01, -3.149867704509350386e-01 },
         { -5.982097922356729436e-01, 7.243554037346844332e-01, -3.427160538313243632e-01, -3.110257894364091280e-01 },
         { -4.971004757164096954e-01, 2.683239626932731881e-06, 8.676929854708514966e-01, 1.422761694208600838e-02 },
         { 0.000000000000000000e+00, 0.000000000000000000e+00, 0.000000000000000000e+00, 1.000000000000000000e+00 } },
       -- Frame 3
       { { 1.522801591670819299e-02, 9.327977594116690918e-01, 3.600783908648375609e-01, -1.624677690794751328e-01 },
         { -9.277988963118352084e-01, 1.474396029528599050e-01, -3.427109153260864960e-01, -4.561907604642960745e-01 },
         { -3.727697889231120221e-01, -3.288615263567225555e-01, 8.676939442848184969e-01, 1.396142678956168171e-01 },
         { 0.000000000000000000e+00, 0.000000000000000000e+00, 0.000000000000000000e+00, 1.000000000000000000e+00 } },
       -- Frame 4
       { { -2.333856063498923883e-01, 9.328010282992744706e-01, 2.746150038736215326e-01, 2.346650504121999825e-02 },
         { -4.482306561634600839e-01, 1.474179343981261714e-01, -8.816786441176081013e-01, -4.268016181429400424e-01 },
         { -8.629139224881976489e-01, -3.288619683417434714e-01, 3.837047929781788325e-01, 7.406229928194003886e-02 },
         { 0.000000000000000000e+00, 0.000000000000000000e+00, 0.000000000000000000e+00, 1.000000000000000000e+00 } }
             } )
   sp1:attach( sp2 )
   ko2:attach( sp1 )
   ko1:attach( ko2 )
   s:addObject( ko1 )
   s:finalize()
   return s
end
